331 295 226 400 243
330 295 227 400 243
331 295 226 401 244
331 296 227 400 243
331 296 226 401 244
331 297 227 401 243
331 296 227 401 244
331 296 227 401 244
331 296 227 401 244
331 296 226 401 244
325 294 223 398 230
326 293 223 398 231
326 294 224 398 231
326 294 223 399 231
326 295 224 399 231
326 295 224 399 231
326 295 224 399 231
326 295 224 399 230
326 295 224 399 231
326 295 225 400 232
320 292 223 396 235
320 292 223 396 235
320 292 223 396 236
321 292 223 397 236
321 293 225 397 238
321 293 224 397 237
322 293 224 397 237
322 294 224 397 237
322 293 224 398 237
322 294 224 398 237
318 299 227 397 229
318 299 227 397 229
318 299 227 397 229
318 299 227 398 229
318 299 228 398 229
319 300 227 398 229
318 299 227 398 230
319 300 227 398 230
319 299 228 398 230
319 299 227 398 229
326 296 225 398 237
327 296 224 398 236
326 296 224 398 237
327 296 225 398 237
327 296 225 398 237
327 296 225 398 237
327 296 224 398 238
327 296 224 398 238
327 297 225 398 238
327 297 225 400 238
348 424 264 394 241
346 421 229 406 247
344 404 233 412 246
339 433 295 421 239
344 419 251 428 241
337 416 282 407 244
337 417 227 408 246
340 418 272 403 242
341 425 231 407 243
346 434 235 396 241
342 432 278 412 243
342 422 288 412 241
329 419 232 408 246
328 414 338 406 246
322 406 303 406 252
335 422 288 416 233
336 423 287 415 231
329 433 178 403 236
334 414 195 402 227
335 409 157 408 235
340 414 222 420 244
341 425 233 423 258
336 426 233 411 238
332 418 231 410 245
332 416 247 401 243
324 424 240 424 253
332 426 251 415 255
341 425 247 412 262
343 424 238 412 259
339 423 238 412 225
328 411 230 408 258
322 406 235 404 251
321 433 226 420 251
339 423 233 407 249
312 417 235 421 257
334 425 230 395 248
292 417 228 411 247
303 417 247 400 253
345 418 236 415 253
327 418 225 414 249
338 428 237 398 218
338 428 226 400 238
330 417 242 401 238
359 416 252 396 244
340 405 231 401 235
333 411 228 403 236
334 411 228 392 240
327 409 228 402 242
331 419 246 401 257
345 427 229 403 243
332 425 309 393 226
332 425 309 393 226
332 425 309 393 226
333 425 310 394 226
332 425 310 394 226
332 424 310 394 227
332 424 311 394 226
332 424 311 394 226
332 424 311 394 226
332 424 311 394 226
333 426 314 398 233
333 426 314 398 233
333 426 314 398 233
332 426 314 398 233
333 425 314 398 233
332 426 315 398 233
331 426 314 398 233
332 426 314 398 233
331 425 314 398 233
331 425 314 398 233
339 426 310 404 232
339 426 310 404 232
339 426 310 404 231
339 425 310 404 232
339 426 311 404 232
339 425 311 404 231
339 425 311 404 232
339 425 311 404 231
338 425 312 404 231
338 425 312 404 232
337 419 296 394 234
338 419 296 395 234
338 419 295 395 234
338 418 296 396 234
338 418 297 395 234
339 418 296 395 234
339 418 296 395 234
339 418 296 395 235
339 418 296 395 235
340 417 295 395 236
339 420 293 398 229
339 420 293 398 228
339 420 293 397 229
338 420 293 397 228
338 419 294 396 229
338 419 294 396 228
337 419 294 396 229
337 419 294 396 229
337 418 294 395 229
336 418 294 395 229
446 416 289 371 203
446 416 289 372 203
446 416 289 371 204
446 416 289 371 204
446 415 289 371 204
446 415 289 371 204
446 415 288 372 204
446 415 289 372 204
446 415 289 372 204
445 415 289 372 204
443 417 295 377 209
443 416 295 378 209
440 417 296 377 209
443 416 295 377 208
443 416 295 377 209
443 416 294 377 208
443 416 294 377 209
442 416 294 377 210
443 415 294 377 209
442 416 294 377 209
444 415 296 378 209
443 415 296 378 209
444 415 296 378 209
444 416 296 378 209
445 416 296 378 209
444 416 296 378 209
444 416 297 378 209
444 416 296 378 209
445 416 296 378 209
444 416 297 379 211
443 415 292 376 208
442 415 293 375 207
442 415 293 376 207
442 416 293 376 208
443 415 294 376 208
442 415 294 376 208
442 415 294 376 208
442 415 294 376 208
442 415 295 377 209
442 415 295 377 210
442 414 303 383 213
442 414 303 383 213
442 414 303 383 213
443 414 303 383 213
443 414 303 383 213
443 414 302 383 213
443 414 302 382 214
443 414 301 384 214
443 415 302 384 214
443 414 301 383 214
289 410 303 490 346
289 410 303 490 346
289 410 304 490 346
289 410 303 490 346
290 410 303 490 346
290 410 303 490 346
290 409 304 490 346
291 409 304 490 346
291 409 304 490 346
291 409 304 490 346
294 406 306 489 338
295 406 306 489 338
295 406 306 489 338
294 406 306 489 338
295 406 307 489 338
294 406 307 489 339
295 406 307 490 339
295 406 308 489 339
295 406 307 489 339
296 406 307 489 339
295 410 310 491 340
295 410 311 491 339
295 410 311 491 339
295 410 311 491 340
296 410 311 491 339
296 409 311 491 340
296 409 312 491 340
296 409 311 491 340
296 409 311 491 339
296 409 311 489 340
314 411 303 483 330
314 410 303 486 330
314 410 303 485 330
314 410 304 486 330
313 410 304 486 331
314 410 304 486 331
313 409 305 486 331
313 409 305 486 332
313 409 306 486 332
313 409 305 486 332
301 407 310 488 339
301 406 309 488 338
301 406 309 488 339
302 406 309 488 339
302 406 310 489 339
302 405 309 489 340
303 405 310 489 339
302 405 310 489 340
303 406 310 489 340
304 405 310 489 340
450 416 321 486 319
450 417 321 486 319
450 417 321 486 319
450 417 321 486 320
450 417 321 486 319
449 417 322 486 319
450 417 321 486 319
450 417 321 486 319
449 417 322 486 319
450 417 322 486 319
441 411 330 483 328
441 411 331 485 328
441 411 335 485 328
441 410 333 484 328
441 410 335 484 328
441 410 336 484 328
442 409 338 484 328
441 410 338 484 328
441 410 338 485 328
441 410 338 485 328
440 409 308 482 324
440 409 308 482 324
440 408 308 482 324
439 408 308 482 324
439 408 308 482 324
439 408 308 482 325
439 408 308 482 324
439 408 309 482 324
440 409 308 482 324
440 408 308 482 324
400 396 302 482 329
400 397 309 482 329
400 397 312 482 329
400 396 303 482 330
400 397 316 482 330
400 397 314 482 330
400 397 305 482 330
400 397 304 482 330
399 397 315 482 330
399 397 310 482 330
435 410 339 483 321
435 410 340 483 321
436 410 339 483 321
434 409 335 483 321
435 410 334 483 321
434 410 333 483 321
434 409 331 483 321
434 409 333 483 322
434 409 339 483 322
434 409 339 483 322
329 410 287 483 231
329 410 288 483 231
328 410 288 484 231
329 410 288 484 231
328 410 288 484 231
328 410 288 484 231
329 410 288 484 231
329 410 287 484 230
327 410 288 484 231
328 411 288 484 230
334 422 301 486 237
334 422 301 486 236
334 422 301 486 236
334 422 302 486 236
333 422 302 486 236
333 421 302 486 237
333 420 302 486 236
333 421 304 486 236
332 421 303 486 236
332 421 303 486 236
337 417 291 483 226
337 417 291 483 227
336 417 292 483 226
335 419 293 484 226
335 419 293 484 226
336 420 295 484 226
337 420 295 484 227
337 420 295 484 228
338 420 296 484 228
339 420 297 484 229
340 421 299 486 233
340 421 299 486 234
339 421 300 486 234
339 421 300 486 234
339 421 300 486 234
338 420 301 486 233
338 422 300 486 234
338 420 300 486 235
338 420 300 486 234
338 420 300 486 233
337 421 299 485 233
337 421 298 484 233
337 421 298 485 233
337 421 298 485 234
337 420 299 484 234
337 420 299 484 233
337 420 299 483 233
337 420 298 484 233
337 418 299 484 233
337 420 300 484 233
327 418 317 388 324
327 418 317 388 324
327 417 317 389 324
327 418 318 388 325
327 416 317 389 325
326 417 317 388 324
327 417 317 388 324
327 417 317 388 325
327 417 317 388 324
327 417 318 388 324
332 411 310 386 311
332 410 311 386 311
332 410 311 386 311
332 410 311 386 312
332 410 311 386 312
332 410 312 386 312
332 411 312 386 312
332 410 312 386 313
332 410 312 386 312
332 410 312 386 313
332 414 315 391 305
332 414 315 391 305
332 413 315 391 305
332 414 316 391 306
332 414 316 391 306
332 414 317 390 306
331 413 317 390 307
332 413 318 390 308
332 413 318 390 307
333 413 318 391 311
328 417 318 388 308
329 415 318 388 309
328 416 318 388 309
329 416 319 388 309
329 416 319 388 310
329 416 319 387 310
329 416 320 388 311
329 415 320 388 314
331 415 320 389 316
335 415 320 389 319
337 426 318 389 314
337 425 319 389 314
337 425 318 389 315
337 425 318 390 314
336 425 320 388 315
335 425 319 388 315
335 424 320 388 315
335 424 319 388 315
334 423 319 388 315
335 423 319 388 317
339 405 253 479 312
339 405 249 479 311
338 405 229 479 312
338 406 217 480 312
337 407 217 480 312
337 408 217 480 313
338 408 219 480 313
338 408 217 480 315
340 408 218 480 315
343 409 219 479 318
322 403 285 479 302
322 403 308 479 302
322 403 287 479 302
323 404 285 480 303
324 405 267 479 303
324 406 271 480 303
326 406 273 479 303
325 406 285 480 304
327 406 286 479 304
328 405 242 479 305
328 396 285 482 317
328 396 291 482 317
328 396 285 482 317
329 396 286 482 317
329 396 285 482 317
329 396 285 482 317
329 395 284 482 318
330 396 285 482 319
333 396 280 482 320
337 396 285 482 324
320 391 283 480 306
320 391 328 480 306
320 391 288 480 306
321 391 288 481 306
321 391 287 481 307
321 392 286 481 309
322 392 285 479 308
322 392 286 481 308
322 392 285 481 309
323 392 284 481 309
340 387 270 479 301
340 387 270 478 301
339 387 252 479 302
338 388 274 479 303
338 388 279 480 304
338 388 278 479 304
338 387 277 480 305
338 388 273 480 306
338 388 272 480 308
339 388 271 480 307
320 290 277 488 321
320 290 276 488 321
320 290 277 488 322
320 290 278 488 323
321 290 278 488 324
321 291 279 488 325
321 291 279 488 323
321 291 280 487 325
322 290 312 488 326
323 291 314 489 327
326 296 320 491 328
326 296 320 491 328
326 296 321 491 328
326 297 320 491 328
327 296 321 491 329
326 297 321 491 328
327 297 321 491 329
329 297 320 491 329
333 298 322 491 330
340 299 323 491 332
304 304 320 490 333
305 305 320 490 334
305 305 320 490 335
305 305 321 490 336
306 305 321 490 335
306 306 322 490 336
307 306 322 490 336
310 306 323 490 336
313 307 324 490 336
325 309 325 489 337
312 303 317 487 329
312 303 317 487 329
312 304 317 488 329
313 304 318 488 330
314 304 318 488 330
313 304 318 488 330
313 304 318 488 331
314 304 318 489 331
315 304 318 489 331
315 304 318 489 332
300 294 320 490 338
300 294 320 490 339
300 294 320 490 338
300 294 320 490 338
300 295 320 490 338
301 294 320 490 339
301 295 321 490 339
301 296 320 490 339
303 295 320 490 339
302 295 319 490 339
